60 60
60 40
52 
60 04
36 
10
61 0040
57 
63 ffffffff
7c 0100000000000000000000000000000000000000000000000000000000
60 00
35 
04 
16
63 ea879634
81 
14
61 0154
57
5b 
66 2386f26fc10000
34
10
61 0152
57
7f ec29ee18c83562d4f2e0ce62e38829741c2901da844c015385a94d8c9f03d486
60 02
60 00
36
60 11
60 00
60 40
51
60 20
01
52
60 40
51 
7f 485631372d000000000000000000000000000000000000000000000000000000
81 
52
60 05
81
01
84
84
80
82
84
37
82
01
91
50
50
82
60 ff
16
7f 0100000000000000000000000000000000000000000000000000000000000000
02
81
52
60 01
01
93
50
50
50
50
60 20
60 40
51
80
83
03
81
60 00
86
61 646e
5a
03
f1
15
15
61 0101
57
60 00
80
fd 
5b
50
50
60 40
51
80
51
90
50
60 40
51
90
81
52
60 40
60 20
82
01
81
90
52
60 11
81
83
01
52
7f 596f7572206b657920697320686572652e000000000000000000000000000000
60 60
83
01
52
60 80
90
91
01
90
51
80
91
03
90
a1
5b
00
5b
34
15
61 015f
57
60 00
80
fd
5b
61 0152
60 00
54
73 ffffffffffffffffffffffffffffffffffffffff
90
81
16
90
30
16
31
80
15
61 08fc
02
90
60 40
51
60 00
60 40
51
80
83
03
81
85
88
88
f1
93
50
50
50
50
15
15
61 01a8
57
60 00
80
fd
5b
56
00
a1
65 627a7a723058
20
20
30
4b
a8
cb
57
86
44
5e
5c
47
f8
40
74 1111591a38057d40ac139568b31f9eaee3c70029